Distribution principales (TD et Equipements lourds),Distribution secondadaire eclairage,Distribution secondaire force,"Cheminement de cable (compris gaines, goulottes,…)  pour distribution principale","Cheminement de cable (compris gaines, goulottes,…)  pour distribution secondaire force","Cheminement de cable (compris gaines, goulottes,…)  pour distribution  secondaire eclairage","Cheminement de cable (compris gaines, goulottes,…)  pour distribution  appareillage",Cablage petit appareillage,"Petit appareillage (Prises, petits équipements,…)",Part du total,Total avec les autres postes,Surface
1,0,0,0,0,0,0,0,0,0.09679094117937798,385629.89,11030.0
0,1,1,0,0,0,0,0,0,0.42787139762428683,385629.89,11030.0
0,0,0,1,1,1,1,0,0,0.17970598700220047,385629.89,11030.0
0,0,0,0,0,0,0,1,1,0.29563167419413466,385629.89,11030.0
1,0,0,0,0,0,0,0,0,0.13130066713227678,543172.6400000001,11030.0
0,1,1,0,0,0,0,0,0,0.46071101813964704,543172.6400000001,11030.0
0,0,0,1,1,1,0,0,0,0.148003202075863,543172.6400000001,11030.0
0,0,0,0,0,0,1,0,0,0.011348196772208554,543172.6400000001,11030.0
0,0,0,0,0,0,0,1,1,0.24863691588000447,543172.6400000001,11030.0
1,0,0,0,0,0,0,0,0,0.0969684327094809,517969.69999999995,11030.0
0,1,1,0,0,0,0,0,0,0.30802392495159464,517969.69999999995,11030.0
0,0,0,1,1,1,0,0,0,0.21243059198250402,517969.69999999995,11030.0
0,0,0,0,0,0,1,0,0,0.012222722680496564,517969.69999999995,11030.0
0,0,0,0,0,0,0,0,1,0.041275155670302724,517969.69999999995,11030.0
0,0,0,0,0,0,0,1,0,0.3290791720056212,517969.69999999995,11030.0
1,0,0,0,0,0,0,0,0,0.26748951801842974,68440.06499999999,656.0
0,1,0,0,0,0,0,0,0,0.20989883630297548,68440.06499999999,656.0
0,0,0,1,1,1,1,0,0,0.23129434491331943,68440.06499999999,656.0
0,0,1,0,0,0,0,0,0,0.09092225438418274,68440.06499999999,656.0
0,0,0,0,0,0,0,1,1,0.20039504638109273,68440.06499999999,656.0
1,0,0,0,0,0,0,0,0,0.12493522534173844,100671.9792124,656.0
0,1,1,0,0,0,0,0,0,0.48836586786896385,100671.9792124,656.0
0,0,0,0,0,0,0,1,1,0.1404635454734186,100671.9792124,656.0
0,0,0,0,1,0,0,0,0,0.14389361450505506,100671.9792124,656.0
0,0,0,1,0,0,0,0,0,0.07885347705096293,100671.9792124,656.0
0,0,0,0,0,1,1,0,0,0.0234882697598613,100671.9792124,656.0
0,0,0,0,0,0,1,0,0,0.021545978210482104,126303.85,1108.0
0,0,0,1,1,1,0,0,0,0.168144834856578,126303.85,1108.0
1,1,1,0,0,0,0,0,0,0.325797669667235,126303.85,1108.0
0,0,0,0,0,0,0,1,1,0.48451151726570485,126303.85,1108.0
